0000000000000000000001111111111111111110010000000000000000100100000000000000001001000000000000000010010000000000000000100100000000000000001001000000000000000010010000000000000000100100000000000000001001000000000000000010001000000000000001000001000000000000100000001100000000110000000000110000110000000000000011110000000000000000000000000000000000000000000000000000000000000000000000000000000000000000
0000000000000000000000000000000000000000011111111111111111101000000000000000001010000000000000000010100000000000000000100100000000000000001001000000000000000010010000000000000001100100000000000000010001100000000000000100001000000000000001000010000000000000100000011000000000011000000011111111111000000000000000000000000000000000000000000000000000000000000000000000000000000000000000000000000000000000
0000000000000000000000000111111100000000011010000001111111000100000000000000011001000000000000000010010000000000000000100100000000000000010001000000000000000100001000000000000001000010000000000000110000100000000000001000001100000000000110000001000000000011000000010000000001100000000010000000110000000000011001110000000000000001110000000000000000000000000000000000000000000000000000000000000000000000
0000000000000000000000000000000000000000000000000000000000000011111111111111110000100000000000000100010000000000000001000100000000000000010001000000000000000100010000000000000001000110000000000000110000100000000000001000001100000000000010000001000000000000100000001110000000110000000000111111111000000000000000000000000000000000000000000000000000000000000000000000000000000000000000000000000000000000
0000000000000000000000000000000000000000000000000000000000000111111111111111111001000000000000000010010000000000000000100100000000000000001001100000000000000010001000000000000000100010000000000000001000110000000000000010000100000000000001100001100000000000110000001000000000111000000001100011110000000000001111100000000000000000000000000000000000000000000000000000000000000000000000000000000000000000
0000000000000000000000000000000000000000000000000001111111100011111111100000001001000000000000000010010000000000000000100100000000000000001001100000000000000100001000000000000001000010000000000000010000110000000000000100000100000000000011000000110000000001100000000110000000110000000000011111111000000000000000000000000000000000000000000000000000000000000000000000000000000000000000000000000000000000
0000000000000000000000000000000000000000000000000000000000000000000000000000000000111111111111100000001000000000001111000010000000000000010000100000000000000100001100000000000001000001000000000000010000010000000000000100000110000000000011000000110000000001100000000110000001110000000000111111100000000000000000000000000000000000000000000000000000000000000000000000000000000000000000000000000000000000
0000000000000000000000000000000000000000000000000000000000000011111111111111110000100000000000000100010000000000000001000100000000000000010001000000000000000100001000000000000011000010000000000000100000100000000000011000000100000000000100000001100000000011000000001100000111000000000000111111000000000000000000000000000000000000000000000000000000000000000000000000000000000000000000000000000000000000
0000000000000000000000000000000000000000000000000000000000000011111111111111110000100000000000000100001000000000000001000010000000000000010000100000000000000100001100000000000001000001000000000000100000001000000000011000000011000000000100000000011100000011000000000000111111100000000000000000000000000000000000000000000000000000000000000000000000000000000000000000000000000000000000000000000000000000
0000000000000000000000000000000000000000011111111111111111000100000000000000010001000000000000000100010000000000000001000100000000000000010001000000000000000100010000000000000001000100000000000000100001000000000000001000011000000000001100000011000000000110000000011100001110000000000000111100000000000000000000000000000000000000000000000000000000000000000000000000000000000000000000000000000000000000
