0000000000000000000001111111111111111110010000000100000000100100000001000000001001000000010000000010010000000100000000100100000001000000001001000000010000000010010000000100000000100100000001000000001001000000010000000010010000000100000000100100000001000000001001000000010000000010000000000000000000000000000000000000000000000000000000000000000000000000000000000000000000000000000000000000000000000000
0000000000000000000000000000000000000000001111111111111111000010000001000000010000100000010000000100001000000100000001000010000001000000010000100000010000000100001000000100000001000010000001000000010000100000010000000100001000000100000001000010000001000000010000100000010000000100000000000000000000000000000000000000000000000000000000000000000000000000000000000000000000000000000000000000000000000000
0000000000000000000000000000000000000000001111110000000000000010000011111111110000100000010000000100001000000100000001000010000001000000010000100000010000000100001000000100000001000010000001000000010000100000010000000100011000000100000001000110000001000000010000100000010000000100001000000100000001000000000000000000110000000000000000000000000000000000000000000000000000000000000000000000000000000000
0000000000000000000000000000000000000000000000000000000000000001111111111111110000010000001000000100000100000010000001000001000000100000010000100000001000000100001000000010000001000010000000100000010000100000001000000100001000000010000001000001000000100000010000010000001000000100000100000010000000000000000000000000000000000000000000000000000000000000000000000000000000000000000000000000000000000000
0000000000000000000000000000000000000000000000000011111000000000111111100011110000001000001000000000000010000010000001000000100000100000010000001000001000000100000010000010000001000000100000100000010000001000001000000100000001000010000001000000010000100000010000001000001000000100000010000010000001000000000000000000010000000000000000000000000000000000000000000000000000000000000000000000000000000000
0000000000000000000000000000000000000000000000000000000000000011111111111111110000100000010000000100001000000100000011000010000001000000100000100000100000001000001000001000000010000010000010000000110000100000100000000100011000001100000001000100000001000000010001100000010000000100000000000000000001000000000000000000000000000000000000000000000000000000000000000000000000000000000000000000000000000000
0000000000000000000000000000000000000000000000000000000000000000000000000000000000011111111111111000000100000100000010000001000001000000100000010000010000001000000100000100000100000001000001000001000000010000010000010000000100000100000100000001000011000001000000010000100000011000000100001000000010000001000001000000100000000000000000000000000000000000000000000000000000000000000000000000000000000000
0000000000000000000000000000000000000000000000000011100000000001111111100111110000010000010000000100000100000100000001000001000001000000010000010000010000000100000100000100000001000001000010000000010000010000100000000100000100001000000001000001000011000000010000010000010000000100000000000000000000000000000000000000000000000000000000000000000000000000000000000000000000000000000000000000000000000000
0000000000000000000000000000000000000000000000000000000000000000000111110000000000011110001011111000000100000010000010000001000000100000100000010000001000001000000100000010000010000001000000100000100000010000001000001000000100000010000010000001000000100000100000010000001000001000000000000000000000000000000000000000000000000000000000000000000000000000000000000000000000000000000000000000000000000000
0000000000000000000000000000000000000000000000000000000000000000000000000000000000011111111111111000000100000100000010000001000001000000100000010000010000001000000100000100000010000001000001000000100000110000010000000100001000000100000001000011000001000000010000010000010000001100000100000100000010000000000000000000000000000000000000000000000000000000000000000000000000000000000000000000000000000000
