0000000000000000000001111111111111111110010000000100000000000100000001000000000001000000010000000000010000000100000000000100000001000000000001000000010000000000010000000100000000000100000001000000000001000000010000000000010000000100000000000000000000000000000000000000000000000000000000000000000000000000000000000000000000000000000000000000000000000000000000000000000000000000000000000000000000000000
0000000000000000000000000000000000000000000000000000000001000000001111111111100000111111000000000000001000010000000000000010000100000000000000100010000000000000001000100000000000000010001000000000000000100010000000000000010000100000000000000100001000000000000001000010000000000000010000100000000000000100000000000000000000000000000000000000000000000000000000000000000000000000000000000000000000000000
0000000000000000000000000000000000000000000000000000000000000011111111111111100000100001000000000000001000010000000000000010000100000000000000100001000000000000001000010000000000000010000100000000000000100001000000000000001000010000000000000010000100000000000000100001000000000000001000000000000000000000000000000000000000000000000000000000000000000000000000000000000000000000000000000000000000000000
0000000000000000000000000000000000000000000000000000000000000000000000000000000000011111111111100000000100010000000000000001000100000000000000010001000000000000000100010000000000000001000100000000000000010001100000000000000100001000000000000001000010000000000000010001100000000000000100000000000000000000000000000000000000000000000000000000000000000000000000000000000000000000000000000000000000000000
0000000000000000000000000000000000000000000000000000000000000000111111111111111000001000100000000000000010001000000000000000100010000000000000001000100000000000000010001000000000000000100010000000000000010000100000000000000010001000000000000000100010000000000000011000000000000000000000000000000000000000000000000000000000000000000000000000000000000000000000000000000000000000000000000000000000000000
0000000000000000000000000000000000000000000000000000000000000001111111111111100000010000100000000000000100001000000000000001000010000000000000010000100000000000000100001000000000000001000010000000000000010001100000000000000100010000000000000001000000000000000000000000000000000000000000000000000000000000000000000000000000000000000000000000000000000000000000000000000000000000000000000000000000000000
0000000000000000000000000000000000000000000000000000000000000000000000000000000000000000000000000000001111111111111110000010001000000000000000100010000000000000001000100000000000000010001000000000000000100100000000000000001001000000000000000010010000000000000000100110000000000000001000000000000000000010000000000000000000000000000000000000000000000000000000000000000000000000000000000000000000000000
0000000000000000000000000000000000000000000000000000000000000011111111111111110000100001000000000000001000010000000000000010000100000000000000100001000000000000001000010000000000000010000100000000000000100001000000000000001000010000000000000010000100000000000000100001000000000000001000000000000000000000000000000000000000000000000000000000000000000000000000000000000000000000000000000000000000000000
0000000000000000000000000000000000000000000000000000000000000000000000000000000000011111111111111000000100000100000000000001000001000000000000110000010000000000001000000100000000000010000001000000000000100000010000000000001100000100000000000001000001000000000000010000010000000000000000000000000000000000000000000000000000000000000000000000000000000000000000000000000000000000000000000000000000000000
0000000000000000000000000000000000000000000000000000000000000000000000000000000000011111111111111000000100001000000000000001000010000000000000010000100000000000000100001000000000000001000010000000000000010000100000000000000100001000000000000001000000000000000000010000000000000000000000000000000000000000000000000000000000000000000000000000000000000000000000000000000000000000000000000000000000000000
