0000000000000000000000000000000000000000000000000000000000000000000000000000000000000000000000000000000000000000000000000000000000000001100000000000000000000100000000000000000000100000000000000000001000000000000000000010000000000000000000100000000000000000010000000000000000001000011111111111111100000000000000000000000000000000000000000000000000000000000000000000000000000000000000000000000000000000
0000000000000000000000000000000000000000000000000000000000000000000000000000000000000000000000000000000000000000111000000000000000000011100000000000000000001100000000000000000001000000000000000000011000000000000000000010000000000000000001100000000000000000010000000000000000001100011111111111111110000000000000000000000000000000000000000000000000000000000000000000000000000000000000000000000000000000
0000000000000000000000000000000000000000000000000000000000000000000000000000000000000000000000000000000000000011111000000000000000000001100000000000000000001100000000000000000001000000000000000000010000000000000000000100000000000000000001000011110000001111110001100001111100000000000000000000000000000000000000000000000000000000000000000000000000000000000000000000000000000000000000000000000000000000
0000000000000000000000000000000000000000000000000000000000000000000000011100000000000000001000110000000000000000000010000000000000000000110000000000000000000100000000000000000001000000000000000000010000000000000000001100000000000000001110000111111111111110000000000000000000000000000000000000000000000000000000000000000000000000000000000000000000000000000000000000000000000000000000000000000000000000
0000000000000000000000000000000000000000000000000000000000000000000000000000000000000000000000000000000000000000000000000000000000000000000000000000000000000000000000000000000000000000000000111100000000000000000001110000000000000000000110000000000000000000100000000000000000001000000000000000000010000000000000000000100001111111011111111000000000011000000000000000000000000000000000000000000000000000
0000000000000000000000000000000000000000000000000000000000000000000000000000000000000000000110000000000000000000011100000000000000000001100000000000000000001000000000000000000001000000000000000000010000000000000000001100000000000000000010000111000000000011000000011111111111100000000000000000000000000000000000000000000000000000000000000000000000000000000000000000000000000000000000000000000000000000
0000000000000000000000000000000000000000000000000000000000000000000000000000000000000000011110000000000000000000111000000000000000000011000000000000000000010000000000000000000010000000000000000000100000000000000000010000011100000000011100000001111111111100000000000000000000000000000000000000000000000000000000000000000000000000000000000000000000000000000000000000000000000000000000000000000000000000
0000000000000000000000000000000000000000000000000000000000000000000000000000000000000000000000000000000000000000000000000000000000000000000000000000001100000000000000000000111100000000000000000001100000000000000000001100000000000000000001000000000000000000010000000000000000001100011110000000001110000000111111111110000000000000000000000000000000000000000000000000000000000000000000000000000000000000
0000000000000000000000000000000000000000000000000000000000000000000000000000000000000000011110000000000000000000111000000000000000000011000000000000000000011000000000000000000011000000000000000000010000000000000000000100000000000000000001000000000000000000100000000000011000111000011111111111111000000000000000000000000000000000000000000000000000000000000000000000000000000000000000000000000000000000
0000000000000000000000000000000000000000000000000000000000000000000000000000000000000000000111000000000000000000001100000000000000000001100000000000000000001000000000000000000001000000000000000000110000000000000001111000011110111111100000000000111000000000000000000000000000000000000000000000000000000000000000000000000000000000000000000000000000000000000000000000000000000000000000000000000000000000
