0000000000000000000001111111111111111110000000000100000000000000000010100000000000000001000100000000000000100000100000000000010000000100000000001000000000100000000100000000000100000010000000000000100001000000000000000100000000000000000000100000000000000000000000000000000000000000000000000000000000000000000000000000000000000000000000000000000000000000000000000000000000000000000000000000000000000000
0000000000000000000000000000000000000000011111111111111111100000000010000000000000000001110000000000000000010011000000000000001000011000000000001100000011000000000110000000001100000011000000000001100001100000000000001100010000000000000001100000000000000000001000000000000000000000000000000000000000000000000000000000000000000000000000000000000000000000000000000000000000000000000000000000000000000000
0000000000000000000000000000000000000000000000000000000000000111111111111111111000000000011100000000000000001101100000000000000110001100000000000011000001100000000001100000001100000000110000000001000000111000000000001000011000000000000001000100000000000000011000000000000000000000000000000000000000000000000000000000000000000000000000000000000000000000000000000000000000000000000000000000000000000000
0000000000000000000000111011111111111110000011000001000000000000000000111000000000000000011010000000000000001100010000000000001110000010000000000110000000110000000110000000000110000001000000000000100000100000000000000100000000000000000000000000000000000000000000000000000000000000000000000000000000000000000000000000000000000000000000000000000000000000000000000000000000000000000000000000000000000000
0000000000000000000000000000000000000000000000000000000000000000000000000000000000111111111111111110000000000011000000000000000001111000000000000000110011000000000000011000011000000000001100000011000000001100000000001000000110000000000001100010000000000000001100000000000000000001000000000000000000000000000000000000000000000000000000000000000000000000000000000000000000000000000000000000000000000000
0000000000000000000000000000000000000000001111111111111111100000000000111100000000000000011001100000000000001000001100000000000100000001100000000010000000001100000011000000000001000001100000000000001000110000000000000010000000000000000000000000000000000000000000000000000000000000000000000000000000000000000000000000000000000000000000000000000000000000000000000000000000000000000000000000000000000000
0000000000000000000000000000000000000000000000000000000000000000000000000000000000111111111111111110000000000011000000000000000001111000000000000000110011000000000000011000010000000000001000000110000000000100000000110000000010000000000110000001100000000000110000110000000000000010000000000000000000000000000000000000000000000000000000000000000000000000000000000000000000000000000000000000000000000000
0000000000000000000000000000000000000000000000000000000000000011111111111111110000000000111000000000000000001011000000000000000100011000000000000011000011000000000001100000011100000000010000000001000000011100000000001000001100000000000010000000000000000000010000000000000000000000000000000000000000000000000000000000000000000000000000000000000000000000000000000000000000000000000000000000000000000000
0000000000000000000000000000000000000000000000000000000000000000000000000000000000111111111111111100000000000110000000000000000001010000000000000000100100000000000000110001100000000000011000001000000000001100000001000000000110000000011000000011000000000011000000000000000000001100000000000000000001000000000000000000000000000000000000000000000000000000000000000000000000000000000000000000000000000000
0000000000000000000000000000000000000000000000000000000000000011111111111111110000000000001100000000000000000101000000000000000010011000000000000001100010000000000000110000010000000000011000000100000000001100000001100000000010000000001100000011000000000001100000100000000000000100000000000000000000000000000000000000000000000000000000000000000000000000000000000000000000000000000000000000000000000000
