0000000000000000000000000000111100000000000000110000110000000000110000000011000000010000000000001000000100000000000010000010000000000000010000100000000000000100010000000000000000100100000000000000001001000000000000000010010000000000000000100010000000000100010000100000000000100100000100000000000110000001000000000000110000001100000000110010000000110000110000000000000011110000000000000000000000000000
0000000000000000000000000000000000000000000000011111111000000000111000000010000000011000000000010000001100000000000100000010000000000001000001000000000000001000010000000000000010000100000000000000100001000000000000001000011000000000000010000110000000001000100000100000000011001000001000000000011100000010000000000010000000110000000001010000000111111111100010000000000000000000000000000000000000000000
0000000000000000000000000000000000000000000000011111111000000000111000000010000000011000000000010000001100000000000100000010000000000001000001000000000000001000010000000000000010000100000000000000100001000000000000001000011000000000000010000110000000001000100000100000000011001000001000000000011100000010000000000010000000110000000001010000000111111111100010000000000000000000000000000000000000000000
0000000000000000000000000111111110000000000011000000110000000011000000000110000000100000000000110000010000000000000100000100000000000001000001000000000000001000010000000000000010000100000000000000100001000000000000001000010000000000000010000010000000000000100000100000000011001000000100000000011110000000110000000011000000000111000011111000000000011111100010000000000000000000000000000000000000000000
0000000000000000000000000000000000000000000000000000000000000000000011111000000000000111000001100000000110000000001100000001000000000001000000110000000000010000001000000000000010000010000000000000100001100000000000001000010000000000000010000100000000110000100001000000000011001000010000000000011110000010000000000011100000100000000011101100001100000111000001000001111110000000000000000000000000000000
0000000000000000000000000000000000000000000000001111000000000000001100011110000000001100000000110000000110000000000100000001000000000001000000100000000000010000001000000000000010000010000000000000100000100000000000011000001000000000000100000010000000011001000000100000000011110000001000000000011000000010000000001111000000011111111100011000000000000000000000000000000000000000000000000000000000000000
0000000000000000000000000000000000000000000000011111110000000000011100000010000000001100000000010000000010000000000110000001000000000000100000010000000000000100001000000000000001000010000000000000010000100000000000001000001000000000010010000010000000000110100000100000000000101000001000000000000110000011000000000011100000011110000111101100000000111110000001000000000000000000000000000000000000000000
0000000000000000000000000000000000000000000000000011000000000000011111111100000000011100000000100000000100000000000110000010000000000000100000100000000000001100001000000000000001000010000000000000010000100000000000000100001000000000000001000010000000000000110000110000000011001000000100000000011110000001100000000001110000001100000000110110000001100000111000000000000111111000000000000000000000000000
0000000000000000000000000000000000000000000000011111000000000000011000011000000000001100000001100000000110000000001100000001000000000001000000010000000000011000001100000000000010000010000000000000010000100000000000000100001000000000000001000010000000001000010000010000000001000100001100000000011011000001100000000001100000001110000001101100000000111111110001000000000000000000000000000000000000000000
0000000000000000000000000000000000000000000000000000111000000000001111110001100000000110000000000100000111000000000001100011000000000000001000100000000000000010001000000000000000100010000000000000001000100000000000000010001000000000000000100010000000000000001000100000000001000010001000000000001000100010000000000001010000010000000000011100000011000001111001100000001111110000001100000000000000000000
