0000000000000000000000000000000000000000010000000000000001100100000000000000101001000000000000010010010000000000001000100100000000000100001001000000000010000010010000000001000000100100000000100000001001000000010000000010010000001000000000100100000100000000001001000010000000000010010001000000000000100100100000000000001001010000000000000010011000000000000000100000000000000000000000000000000000000000
0000000000000000000000000000000000001000010000000000000110000100000000000011100001000000000001101000010000000000110010000100000000011000100001000000001100000000010000000110000001000100000010000000010001000001000000000100001000010000000001000010001000000000010000100110000000000100001001000000000001000010100000000000010001111000000000000100011000000000000001000100000000000000010000000000000000000000
0000000000000000000000000000000000000000000000000000000000000000000000000000000000100000000000001100001000000000000011000010000000000001100000100000000000111000000100000000110010000001000000001000100000010000000100001000000100000010000110000001000011000001000000010001100000010000000100100000000100000001110000000001000000011000000000010000000000000000000100000000000000000001000000000000000000000000
0000000000000000000000000000000000000000000000000000000000000000000000000000100000010000000000011000000100000000001110000001000000000110100000010000000011001000000010000000100010000000100000010000100000001000001100001000000010000110000010000000100001000000100000001000100000001000000010110000000010000000111000000000100000011100000000000000000110000000000000000000000000000000000000000000000000000000
0000000000000000000000000000000000000000000000000000000000000000000000000001000000000000000000110000000010000000110100000000100000011001000000001000001100010000000010000010000100000000100001100001000000001000010000010000000010001100000100000000100010000001000000001001000000010000000010100000000000000000111000000000000000001100000000000000000010000000000000000000000000000000000000000000000000000000
0000000000000000000000000000000000000000001000000000000000000010000000000000010000100000000000001100001000000000000111000010000000000011010000100000000011000100000000000001100001000000000000110000010000100000001000000100001000000100000001000010000010000000010000100001100000001000001000010000000010000010011000000000100000101100000000000000001110000000000000000011000000000000000000100000000000000000
0000000000000000000000000000000000000000000000000000000000000001000000000000100000010000000000001000000100000000000010000001000000000011100000010000000001101000000100000000110010000001000000011000100000010000001100001000000100000110000010000001000010000000100000010001100000001000001000110000000100000010011000000001000000111000000000010000001100000000000000000000000000000000000000000000000000000000
0000000000000000000000000000000000000000000000000000000000000000100000000000000000001000000000001100000010000000000111000000100000000001010000001000000000100100000010000000011000000000100000000100100000001000000110001000000010000011000010000000100001100000100000001000110000001000000010110000000010000000110000000000100000000000000000001000000000000000000000000000000000000000000000000000000000000000
0000000000000000000000000000000000000000000000000000000000000001000000000000010000110000000000001100001000000000000111000010000000000001010000100000000000100100001000000000010010000010000000001000100000100000000110001000001000000011000010000010000001100000100000100000100000001000001000110000000010000001011000000000100000011100000000000000000110000000000000000000000000000000000000000000000000000000
0000000000000000000000000000000000000000000000000000000000000001000000000000010000010000000000001100000100000000001101000001000000000110010000010000000011000100000100000001100001000000000000010000010000001000001000000100000010000100000000000000100010000000100000001001000000001000000010100000000010000000110000000000100000001000000000000000000000000000000000000000000000000000000000000000000000000000
