0000000000000000000000000000000000000110000000000000000110000000000001000110000000000000010110000000000000000110000000000000000111000000000000000110010000000000000110000100000000000110000001000000000000011000010000000000000001100100000000000000000111000000000000000000011000000000000000000101100000000000000001000110000000000000000000011000000000000000000001100000000000000000000000000000000000000000
0000000000000000000000000000000000000000000000000000000001100000000010000000110000000000100000110000000000001000110000000000000011110000000000000001110000000000000011101000000000000011000010000000000001100000100000000000001111001000000000000000011110000000000000000001110000000000000000001111000000000000000010011000000000000000100011110000000000001000000011100000000000000000000000000000000000000000
0000000000000000000000000000000000000000000000000100000000100000000001000001110000000000010011110000000000000111100000000000000011000000000000000111010000000000000111000100000000000011000001000000000001110000010000000000000011000100000000000000011101000000000000000001110000000000000000000111000000000000000001011100000000000000010001110000000000000000000111100000000000000000000000000000000000000000
0000000000000000000000000000000000000000000000000000000000000000000000000000001000000000000000001110000000000100001110000000000001001110000000000000011110000000000000011100000000000000111101000000000000111000010000000000011000000100000000000011100001000000000000000111111000000000000000000011110000000000000000100011100000000000001000001110000000000000000000010000000000000000000000000000000000000000
0000000000000000000000000000000000000000000000000000000000100000000010000011110000000000100001100000000000001011100000000000000111100000000000000011010000000000000011000100000000000111000001000000000001110000010000000000000111100100000000000000000111111100000000000000011001111000000000000010000011100000000000000000001000000000000000000000000000000000000000000000000000000000000000000000000000000000
0000000000000000000000000000000000000000000000000000000001100000000000010001110000000000001001100000000000000011110000000000000011100000000000000011101000000000000011100010000000000011100000100000000001100000001000000000001111000010000000000000011100100000000000000000111000000000000000000011111000000000000000100001111000000000001000000010000000000000000000000000000000000000000000000000000000000000
0000000000000000000000000000000000000000000000000000000111100000000001000111000000000000010110000000000000000111000000000000000011100000000000000001110000000000000001100100000000000001100001000000000001110000010000000000011110000100000000000000011101000000000000000000111000000000000000000111110000000000000001000111000000000000010000001100000000000000000001100000000000000000000000000000000000000000
0000000000000000000000000000000000000000000000000000000001100000000000000001110000000000000000110000000000000100011000000000000001011100000000000000011100000000000000001100000000000000011101000000000000111000010000000000011110000100000000000000111001000000000000000001111100000000000000000100111000000000000001000011100000000000010000001110000000000000000000100000000000000000000000000000000000000000
0000000000000000000000000000000000000000000000000000000000000000000000000001110000000000010001110000000000000101100000000000000001110000000000000001111000000000000001111100000000000001110010000000000001100000100000000000011110001000000000000000111011000000000000000011110000000000000000000111110000000000000001000111100000000000010000000110000000000000000000000000000000000000000000000000000000000000
0000000000000000000000000000000000000000000000000000000001100000000000000001110000000000010001100000000000000100110000000000000001111000000000000000111000000000000000111100000000000001111001000000000000110000010000000000011110000100000000000000111001000000000000000001110000000000000000000111100000000000000001001111000000000000010000001110000000000000000000000000000000000000000000000000000000000000
