0000000000000000000000000000111100000000000000110000110000000000110000000011000000010000000000001000000100000000000010000010000000000000010000100000000000000100010000000000000000100100000000000000001001000000000000000010010000000000000000100010000000000000010000100000000000000100000100000000000010000001000000000000100000001100000000110000000000110000110000000000000011110000000000000000000000000000
0000000000000000000000000000000000000000000000000000000000000000001111111110000000001110000000110000000110000000000110000011000000000000100001100000000000000100010000000000000001000100000000000000010001000000000000000100100000000000000001001100000000000000010001000000000000001100011000000000000010000100000000000000100001000000000000001000011000000000000100000011100000000011000000000111100111100000
0000000000000000000000000000000000000000000000000000000000000000000001111100000000000001100001110000000001100000000100000001100000000000100000010000000000001000001000000000000010000100000000000000100001000000000000000100010000000000000001000100000000000000110001000000000000001000010000000000000110000100000000011110000001100011111000000000000111100000000000000000000000000000000000000000000000000000
0000000000000000000000000000000000000000000000000111110000000000001110000111000000000110000000011000000010000000000010000001000000000000100000010000000000000100000100000000000001000001000000000000010000110000000000000100001000000000000001000110000000000000010001000000000000000100010000000000000001000100000000000000010001000000000000001100001000000000001110000001100000011100000000000111111100000000
0000000000000000000000000001111111100000000001100000001110000001100000000000110000110000000000000110001000000000000000100010000000000000001000100000000000000001000000000000000000010010000000000000000100100000000000000001001000000000000000100001000000000000001000010000000000000110000110000000000011000000110000000011100000000111000011100000000000011111100000000000000000000000000000000000000000000000
0000000000000000000000000000011100000000000000111001111000000000011000000011000000011000000000001100001100000000000001100010000000000000001000100000000000000011010000000000000000010100000000000000000111100000000000000001100000000000000000111000000000000000001001000000000000000100010000000000000011000100000000000011100001100000000001100000001100000001110000000001111111110000000000000001100000000000
0000000000000000000000000000000000000000000000000000000000000000000000000000000000000000111111100000000001110000000110000000110000000000100000011000000000000100001100000000000001000010000000000000010000100000000000000100001000000000000001000110000000000000110001000000000000011000010000000000001100000110000000000110000000100000000110000000001100000111000000000001111111000000000000000000000000000000
0000000000000000000000000000000000000000000000000000110000000000000001110111000000000011100000001000000111000000000011000011000000000000010001100000000000000110010000000000000000100100000000000000001001000000000000000010010000000000000000100100000000000000001001100000000000000100001000000000000001000011000000000011100000011000001111100000000011111100000000000000000000000000000000000000000000000000
0000000000000000000000000000000000000000000000000000000000000000000011111100000000000111000000110000000011000000000010000001000000000000110000100000000000000100001000000000000001000010000000000000011000100000000000000010001000000000000000100010000000000000001000100000000000000010001000000000000000100010000000000000011000010000000000000100000011000000001110000000011111111110000000000000000000000000
0000000000000000000000000000000000000000000001111111100000000000110000000111000000010000000000001100000100000000000001000010000000000000010000100000000000000110001000000000000000100010000000000000001000100000000000000010001000000000000000100010000000000000001000100000000000000110001000000000000001000011000000000000110000011000000000001000000011100000001100000000000111111100000000000000000000000000
0000000000000000000000000000000000000000000000000000000000000000000111110000000000011111000011100000001100000000001100000010000000000001000000100000000000001000001000000000000010000010000000000000010000100000000000000100001000000000000001000010000000000000010000100000000000001100001100000000000110000011100000000111000000001111111110000000000000000000000000000000000000000000000000000000000000000000
0000000000000000000000000000000000000000000000011111000000000000111000011110000000011000000000100000001000000000000100000100000000000000100001000000000000000100010000000000000001000100000000000000010001000000000000000100010000000000000001000010000000000000110000110000000000001000000100000000000010000001100000000011000000001100000011100000000000111111100000000000000000000000000000000000000000000000
