0000000000000000000001000000000000000010001000000000000001000001000000000000100000001000000000010000000001000000001000000000001000000100000000000001000010000000000000001001000000000000000001100000000000000000011000000000000000001001000000000000000100001000000000000010000001000000000001000000001000000000100000000001000000010000000000001000001000000000000001000100000000000000001000000000000000000000
0000000000000000000001000000000000000000011000000000000001000011000000000000010000011000000000001100000011000000000110000000010000000011000000000010000001100000000000110000110000000000000110011000000000000000111100000000000000000110000000000000000011110000000000000000100110000000000000011000110000000000011000000110000000001100000000110000000110000000000111000110000000000000011000000000000000000000
0000000000000000000001100000000000000000001100000000000000100001100000000000011000001100000000001100000001100000000110000000001100000011000000000000110001100000000000000110010000000000000000111000000000000000000110000000000000000011100000000000000001101100000000000000110001100000000000011000001100000000011100000001100000001100000000001100000110000000000001100110000000000000001100000000000000000001
0000000000000000000000000000000000000000000000000000000000000001000000000000000000011000000000011000000011000000001100000000001100000110000000000001100011000000000000001101100000000000000001110000000000000000001100000000000000000101100000000000000010001100000000000001100001100000000000110000001100000000011000000001100000001100000000001000000000000000000001000000000000000000000000000000000000000000
0000000000000000000000000000000000000000000000000000000000000000000000000000000000010000000000001000000010000000000100000000110000000011000000000110000001000000000000110000100000000000000100010000000000000000111000000000000000000110000000000000000011010000000000000000100011000000000000010000011000000000011000000011000000001100000000011000000110000000000000000000000000000000000000000000000000000000
0000000000000000000000000000000000000000000000000000000000000000000000000000000000001000000000000000000001000000000011000000001100000011100000000001100001100000000000001100110000000000000001101000000000000000001100000000000000000111100000000000000011001100000000000001100001100000000001110000000110000000110000000000100000001000000000000000000000000000000000000000000000000000000000000000000000000000
0000000000000000000000000000000000000000000000000000000000000000000000000000000000000000000000000000000100000000000010000000100000000000100000000100000000011000000000110000011000000000000110011100000000000000011100000000000000000111000000000000000110001100000000000011000001100000000001100000001100000000110000000001100000011000000000001000000000000000000000000000000000000000000000000000000000000000
0000000000000000000000000000000000000000000000000000000000000001100000000000011000001100000000001100000000100000000110000000000110000011000000000000100000100000000000000100010000000000000000100100000000000000001110000000000000000001100000000000000000011000000000000000001001000000000000000110001100000000000011000001100000000001100000001100000000110000000000000000110000000000000000011000000000000000
0000000000000000000000100000000000000000000100000000000000000000100000000000100000000100000000010000000000100000001000000000001100000100000000000000100010000000000000001101100000000000000000110000000000000000011110000000000000001100110000000000001100000110000000000110000000010000000011000000000110000001100000000000110000010000000000000100000000000000000000000000000000000000000000000000000000000000
0000000000000000000000000000000000000000001100000000000000000001000000000000000000001000000000000000000001000000000011000000001000000001000000000001000001100000000000001100110000000000000001110000000000000000001100000000000000000101100000000000000010001100000000000011000001100000000001100000001100000000110000000001100000010000000000001000000000000000000011000000000000000000010000000000000000000000
